1222314027, 79632370, 173138715990, 6344588, 30431590286, 1178358827, 1
02796125, 3589, 16052, 2795761, 1307185, 943, 89520, 9492769728, 168032403, 11444723221, 3987348, 
399956, 1105, 53663904, 55595, 8458892982058, 4472531682, 13106, 1175, 1436391, 5580949230, 122885
73, 153888, 8869, 10924696802, 15976400, 930984, 255420, 14895576, 2600107133221, 4825632122, 5898
240, 1674650700, 42447, 59264679614, 93749040857, 3502961033286, 435638, 8507129374, 762, 5207537,
 494, 287567280, 10592773, 21000096, 8136221, 20737132707, 5790, 557, 41, 46052474, 836, 131874265
5, 522664, 6224579, 2624, 485102, 3387672, 13939339950, 9450, 9857, 49920136, 7987968737287, 37257
38880, 33867960, 12958044319, 1369536, 520, 644193313, 177168, 511826, 121564804, 4948000293, 8271
, 576841707040, 2969996810, 213042, 54007, 89929, 4143480910, 28323629, 126793, 26737, 455486995, 
2450459092, 5222992320, 140045802459, 170593, 11026974, 2379942152, 569, 23630, 51386, 11666, 3990
8156, 25878142856, 83584512, 31059736924, 129340224, 5438484, 13986, 209498244, 10560, 7990488064,
 321138, 2315938, 10368172359241, 445292, 376533465, 77130302295, 814649598, 89129901, 576, 210431
9, 2904080, 2662327666, 5357852124, 14755216, 257122, 10217900, 711, 14580, 44101024, 536326, 4422
9148720, 2982, 772005, 52734797555, 770, 873108, 793460, 146380, 35482272, 190725307756, 1518239, 
354363961, 407677166, 39308163, 20085, 418114382, 713077098, 1562987934, 101849060331, 7540930176,
 3906210, 510557215, 341079556, 8068, 1315578, 354910581706, 454, 28615342, 1029787, 13830, 223161
86966528, 5844, 1528188, 844265928, 4754, 403, 20938590, 1996699, 12122640, 275664384, 5460480346,
 3541188, 845, 4422080, 13000, 16076280, 377666, 612575190949, 141265153, 1799, 2469943, 45990013,
 22675440, 116564580, 237636110, 988503654, 139972, 154495527, 8471, 1098720, 5646390883, 22045656
, 627478410, 13595839975496, 761098063, 3159, 150715356, 3652185, 45630261, 1268233188, 243360, 55
1226080, 54389104, 7732933, 13049008058275, 267454667, 3219088050, 134581504, 923, 1211518464, 439
941006, 7777528, 150289, 18540512, 5550, 8394624803, 1399, 341160006, 16932035756, 720, 2813767, 1
176192, 136012, 5879975453, 1307268678, 12671, 1410706997550, 41756, 1446603, 3828, 7326, 55160300
0, 123918, 39657, 926545746, 674908382899, 1755015393918, 40936, 1128, 195, 141600555813, 761996, 
45902666880, 125069814644, 710696, 259967957955, 111361216, 4387653, 161713440, 4225790, 313967, 8
69235228, 6422495, 175, 356649, 20662785, 9100212539, 7446, 73966855, 9960104, 1154, 76056154128, 
1690148990, 853869660, 6792, 41172790, 2422522291, 13308, 4293863484, 149017, 409530, 792211, 1606
45, 1951, 38349229, 24060, 239912, 61741, 1249568, 1047251, 12166392, 398142456, 2094995, 13452648
0, 47110131597, 33282630423, 63099288, 15327, 156918, 84577739, 1163675588, 158746596, 18697431689
, 858844, 1998070830, 5046835618, 1639, 12135987, 37032, 100699, 774056700558, 161281, 214267392, 
3746933, 355, 3528, 49621348, 897549442, 11728, 17245369, 1387547, 1735611512, 14972265, 62171, 84
91504, 19943778, 104363998, 1211277625, 272163135216, 21950784286, 472, 1915, 16669773, 84500240, 
2059431192, 912840, 518913992, 53096, 1035101750, 6298749, 22, 57200, 1940489988, 317776438, 186, 
12904914, 1730625, 36784, 145262, 292000, 3765, 46121893264, 36648062, 1971634891, 120688822, 2253
87750, 1762656, 43526370, 7346461, 8503740, 390937659, 365744, 471150, 513685, 4764, 1184974, 8301
678, 718052598, 178497, 540, 9103497120, 5630913090, 20116902, 6807041, 1031, 93138, 23250824, 545
806394, 10832, 7412898, 257523634800, 5318188, 95660213, 64638, 715025, 20047048, 216208384, 88233
57451, 3406644959, 3356625, 516787406, 39390, 57737790013, 75067696812, 47958, 2276640, 963651, 43
85541040633, 22789229870, 52417206331, 3040286, 198047, 21645166, 22206000, 24223828, 5140898383, 
119196, 263, 153682480, 1937661, 84669705, 875552, 562626, 213868
